Tfflfflfflffl‚WQQQQM‚fflrffl‚WQQQQM‚WQQQQQQM‚WQQQQQQM‚WQQQQM‚fflrffl‚WQQQQM‚WQQQQQQM‚WQQQQQQM‚WQQQQQNW⁴⁷ ,7 ,7 ,7 ,7 ,7 ,7 ,7 ,7 ,7 ,7 ,7 ,7 ,7 ,7 ,7 ,7 ,7 ,7 ,7 ,7 ,7 ,7 ,7 ,7 ,7 ,7 ,7 ,7 ,7 ,7 ,7 ,7 ,7 ,7 ,7 7,,
44444,4444444,44444,44,44444,4444444,4444444,44444,44,44444,4444444444404. ,,,,,,,,,,,,,,,,,,,,,,,,,,,,,,,,,,,,,,

,,,,,,,,,,,,,,,,,,,,,,,,,,,,,,,,,,,,,,,,,,,,,,,,,,,,,,,,,,,,,,

 

,,,,,,,,,,,,,,,,,,,,,,,,,,,,,,,,,,,,,,,,,,,,,,,,,,,,,,,,,,,,,,

,,,,,,,,,,,,,,,,,,,,,,,,,,,,,,,,,,,,,,,,,,,,,,,,,,,,,,,,,,,,,,

»Ϋ»Ϋ»Ϋ»Ϋ»Ϋ»Ϋ»Ϋ»Ϋ»Ϋ»Ϋ»Ϋ»Ϋ»Ϋ»Ϋ»Ϋ»Ϋ»Ϋ»Ϋ»Ϋ»Ϋ»Ϋ»Ϋ»Ϋ»Ϋ»Ϋ»Ϋ»Ϋ»Ϋ»Ϋ»Ϋ»Ϋ»Ϋ»Ϋ»Ϋ»Ϋ»Ϋ»Ϋ»Ϋ»Ϋ»Ϋ»Ϋ»Ϋ»Ϋ»Ϋ»Ϋ»Ϋ»Ϋ»Ϋ»Ϋ»Ϋ»Ϋ»Ϋ»Ϋ»Ϋ»Ϋ»Ϋ»Ϋ»Ϋ»Ϋ»Ϋ»μιῖμί >

